000101011100
000101000111
000100101000
000100010100
000100000000
000011100001
000011001100
000011000010
000010101110
000010100011
000010011001
000010000101
000001111010
000001110000
000001100110
000001010001
000001000111
000000110011
000000011110
000000001010
000000000000
111111101100
111111011000
111111001101
111110111001
111110100100
111110011010
111110000110
111101111011
111101110001
111101100111
111101010010
111101001000
111100111110
111100110100
111100101001
111100011111
111100010101
111100001011
111011110110
111011101100
111011100010
111011001101
111011000011
111010101111
111010100100
111010011010
111010000110
111001111011
111001111011
111001110001
111001100111
111001011101
111001010010
111001010010
111001001000
111000111110
111000110100
111000101001
111000010101
111000001011
111000000000
110111101100
110111100010
110111011000
110111001101
110111000011
110110111001
110110101111
110110101111
110110100100
110110100100
110110100100
110110100100
110110100100
110110011010
110110011010
110110010000
110110011010
110110100100
110111001101
111000000000
111001001000
111010100100
111100001011
111101100111
111111001101
000000011110
000001100110
000010011001
000010111000
000011000010
000011000010
000010101110
000010011001
000010000101
000001111010
000001110000
000001011100
000000111101
000000001010
111111011000
111110011010
111101011101
111100011111
111011101100
111010111001
111010000110
111001100111
111000111110
111000010101
110111101100
110110111001
110110010000
110101011101
110100101001
110100000000
110011100010
110011000011
110010111001
110010011010
110010111001
110011000011
110011011000
110011110110
110100010101
110100110100
110100111110
110101001000
110101001000
110100111110
110100101001
110100011111
110100001011
110011110110
110011100010
110011001101
110011000011
110010101111
110010100100
110010100100
110010011010
110010010000
110010010000
110010010000
110010000110
110010010000
110001111011
110010000110
110010000110
110010010000
110010100100
110010111001
110011001101
110011110110
110100010101
110101001000
110110000110
110110111001
110111110110
111000110100
111001010010
111001111011
111010010000
111010011010
111010010000
111010000110
111001111011
111001100111
111001001000
111000110100
111000010101
111000000000
111000000000
111000000000
111000001011
111000101001
111000111110
111001011101
111001110001
111010000110
111010011010
111010011010
111010010000
111001111011
111001100111
111001001000
111000110100
111000110100
111000110100
111000111110
111001001000
111001011101
111001100111
111001110001
111001110001
111001100111
111001010010
111001001000
111000110100
111000010101
111000001011
111000000000
110111110110
110111101100
110111101100
110111101100
110111101100
110111101100
110111110110
111000000000
111000010101
111000011111
111000011111
111000011111
111000011111
111000010101
111000001011
111000000000
110111110110
110111110110
111000000000
111000010101
111000111110
111010000110
111011011000
000001100110
111101001000
111110101111
000000010100
000001100110
000010100011
000011001100
000011010111
000011010111
000011001100
000010101110
000010011001
000001110000
000001010001
000000111101
000000010100
000000000000
111111011000
111110101111
111011110110
111110000110
111101100111
111100111110
111100110100
111100110100
111100111110
111101010010
111101100111
111101110001
111101111011
111101111011
111101111011
111110000110
111110011010
111110101111
111111100010
000000010100
000001000111
000001111010
000010101110
000011000010
000011001100
000011000010
000010101110
000010100011
000010011001
000010100011
000010101110
000010111000
000011000010
000010100011
000010111000
000010100011
000010000101
000001110000
000001100110
000001011100
000001010001
000001010001
000001010001
000001000111
000000111101
000000110011
000000010100
000000000000
111111101100
111111011000
111111001101