00110100
00110011
00110011
00110000
00101111
00101110
00101010
00101000
00100110
00100011
00100010
00100001
00100000
00100000
00011110
00011101
00011101
00011101
00011100
00011010
00011001
00011000
00010101
00010100
00010011
00010000
00001111
00001110
00001100
00001010
00001000
00000111
00000110
00000011
00000001
11111110
11111011
11111000
11110101
11110010
11110000
11101111
11101101
11101101
11101101
11101011
11101011
11101001
11101000
11100111
11100100
11100011
11100000
11011110
11011010
11011000
11010100
11010001
11010000
11001111
11001101
11001011
11001011
11001001
11001001
11001000
11000111
11000100
11000011
11000010
11000000
10111111
10111110
10111101
10110101
10111011
10111010
10111000
10111000
10111001
10111101
11000010
11001000
11001111
11010101
11011000
11011000
11011000
11010101
11010001
11001111
11001101
11001100
11001011
11001011
11001001
11000111
11000011
10111111
10111010
10110101
10110000
10101100
10101000
10100110
10100010
10100000
10011110
10011011
10011010
10011001
10011010
10010101
10011011
10011110
10100010
10100111
10101011
10110000
10110101
10111010
10111111
11000011
11000111
11001000
11000111
11000011
10111110
10111000
10110010
10101101
10101000
10100011
10011111
10011011
10011001
10010110
10010101
10010100
10010010
10010000
10001111
10001101
10001100
10001001
10001000
10000111
10010000
10000110
10000100
10000100
10000100
10000110
10000110
10000111
10001001
10001100
10001111
10010100
10011000
10011101
10100011
10101001
10110000
10110101
10111010
10111110
11000010
11000110
11001000
11001001
11001011
11001101
11010000
11010010
11010101
11010110
11011000
11011000
11011000
11011000
11011000
11011001
11011011
11011101
11011110
11011111
11100000
11100000
11100010
11100011
11100011
11100010
11100010
11100000
11100010
11100010
11100010
11100010
11100010
11101000
11100000
11100000
11100000
11100000
11100000
11100000
11100000
11011111
11011110
11011101
11011101
11011101
11011110
11011111
11100000
11100000
11100000
11100000
11011111
11011110
11011011
11011011
11011010
11011011
11011101
11011110
11100000
11100011
11101000
11101100
11110010
11111010
00001111
00000010
00001100
00011000
00100011
00110001
01000000
01001110
01011010
01100101
01101100
01110000
01110011
01110100
01110001
01110000
01101111
01101110
01101110
01101111
01101111
01101110
01101110
01101100
01101011
01101110
01101111
01110001
01110100
01110111
01111000
01111010
01111100
01111101
01111110
01111110
01111111
01111111
01111101
01111010
01110111
01110011
01110000
01100001
01101011
01101000
01100011
01100000
01011010
01010111
01010011
01001110
01001010
01000110
01000010
00111101
00111010
00110111
00110100
00110000
00101110