00011110
00011100
00011010
00011000
00010111
00010101
00010011
00010000
00001110
00001100
00001100
00001010
00000111
00000110
00000100
00000001
00000000
11111111
11111100
11111011
11111001
11111000
11110110
11110100
11110010
11110000
11101111
11101101
11101011
11101001
11101000
11100110
11100100
11100010
11011111
11011101
11011011
11011000
11010110
11010100
11010011
11010001
11010000
11001111
11001101
11001101
11001011
11001011
11001001
11001001
11001000
11000111
11000110
11000110
11000101
11000100
11000100
11000011
11000011
11000010
11000010
11000010
11000010
11000010
11000010
11000010
11000010
11000010
11000010
11000010
11000010
11000010
11000010
11000010
11000010
11000001
11000001
11000001
11000000
11000000
11000000
11000000
11000000
11000000
11000000
11000000
11000000
11000000
11000000
11000000
11000000
11000000
11000000
11000000
11000000
11000000
11000001
11000001
11000000
11000000
11000000
11000000
11000000
11000000
11000000
11000000
11000000
11000000
11000001
11000010
11000100
11000110
11001000
11001001
11001001
11001001
11001000
11001000
11001000
11001000
11001000
11001001
11001010
11001100
11001011
11001011
11001101
11001101
11001111
11010001
11010100
11010110
11011001
11011100
11011111
11100010
11100110
11101001
11101011
11101110
11110000
11110010
11110011
11110100
11110100
11110011
11110010
11110010
11110001
11110000
11101111
11101111
11101011
11101111
11101111
11110000
11110010
11110100
11110110
11111000
11111010
11111011
11111011
11111101
11111110
11111111
00000000
00000001
00000001
00000001
00000010
00000011
00000011
00000101
00000110
00000111
00001001
00001010
00001011
00001100
00001100
00001100
00001100
00001100
00001101
00001110
00010001
00010101
00011000
00011100
00100000
00100010
00100101
00100111
00101001
00101100
00101111
00110011
00110111
00111100
01000000
01000000
01000000
01000000
01000000
01000000
01000000
01000000
01000000
01000000
01000000
01000000
01000000
01000000
01000000
01000000
01000000
01000000
01000000
01000000
01000000
01000000
01000000
01000000
01000000
01000000
01000000
01000000
01000000
01000000
01000000
01000000
01000000
01000000
01000000
01000000
01000000
00111111
00111100
00111010
00111000
00110111
00110101
00110100
00110011
00110010
00110001
00101111
00101101
00101010
00101001
00101000
00100111
00100111
00100111
00100110
00100110
00100110
00100110
00101001
00100110
00100110
00100110
00100101
00100101
00100100
00100011
00100001
00100000
00011111
00011110
00011100
00011100
00011100
00011100
00011101
00011110
00100000
00100000
00100001
00100001
00100001
00100000
00011110
00011101
00011100
00011010
00011010
00011001
00011001
00011001
00011001
00011010