000010100011
000010100011
000010100011
000010011001
000010011001
000010100011
000010100011
000010101110
000010101110
000010101110
000010101110
000010101110
000010101110
000010101110
000010111000
000010111000
000011001100
000011010111
000011101011
000100000000
000100001010
000100011110
000100011110
000100011110
000100010100
000100001010
000100000000
000011101011
000011100001
000011001100
000010111000
000010100011
000010100011
000010100011
000010111000
000011001100
000011100001
000011100001
000011100001
000011100001
000011100001
000011100001
000011101011
000011110101
000100000000
000100000000
000100000000
000011110101
000011101011
000011101011
000011101011
000011101011
000011110101
000011110101
000100000000
000100000000
000100000000
000100000000
000100000000
000011101011
000011100001
000011010111
000011001100
000010111000
000010100011
000010001111
000001111010
000001011100
000001000111
000000101000
000000001010
111111101100
111111011000
111110101111
111110000110
111101100111
111100110100
111100010101
111011101100
111011011000
111011001101
111011001101
111011011000
111011101100
111100011111
111100010101
111100110100
111101010010
111101100111
111101011101
111101001000
111100010101
111011100010
111010011010
111001001000
110111110110
110110100100
110101001000
110011110110
110010100100
110001100111
110000111110
110000010101
110000001011
110000000000
110000000000
110000000000
110000000000
110000000000
110000000000
110000000000
110000000000
110000010101
110000111110
110001110001
110010101111
110011101100
110100011111
110101001000
110101011101
110101100111
110101011101
110100111110
110100101001
110100010101
110011110110
110011100010
110011011000
110011001101
110011000011
110011000011
110011000011
110010111001
110010101111
110010101111
110010100100
110010011010
110010010000
110001111011
110001111011
110001111011
110010010000
110010100100
110011100010
110100110100
110010011010
110110010000
111000000000
111001100111
111010111001
111100001011
111101001000
111110000110
111110101111
111111011000
111111101100
000000001010
000000010100
000000011110
000000011110
000000011110
000000001010
111111101100
111111001101
111110101111
111110011010
111110000110
111110000110
111110000110
111110011010
111110011010
111110100100
111110011010
111110010000
111101110001
111101010010
111100101001
111011110110
111011000011
111010010000
111001010010
111000011111
110111101100
110111000011
110110011010
110101100111
110100111110
110100011111
110100001011
110100000000
110011101100
110011100010
110011011000
110011000011
110010111001
110010101111
110010100100
110010011010
110010011010
110010011010
110010100100
110010111001
110011011000
110100001011
110101001000
110110010000
110111011000
111000011111
111001100111
111010100100
111011001101
111011101100
111100000000
111100000000
111100000000
111011101100
111011100010
111011001101
111010101111
111010011010
111010000110
111001110001
111001100111
111001010010
111000111110
111000101001
111000011111
111000010101
111000001011
111000001011
111010011010
111000010101
111000011111
111000111110
111001110001
111010101111
111011101100
111100110100
111101100111
111110010000
111110100100
111110011010
111101111011
111101011101
111100111110
111100101001
111100011111
111100011111
111100011111
111100011111
111100011111
111100010101
111100001011
111011100010
111010111001
111010000110
111001001000
111000010101
110111100010
110110111001
110110010000
110101110001
110101011101
110101001000
110100111110
110100111110
110100111110
110100111110
110101001000
110101100111
110110010000
110111000011
111000001011
111001010010
111010011010
111011011000
111100001011
111100110100
111101011101
111101111011
111110100100
111110111001
111111001101
111111011000
111111100010
111111100010
111111011000
111111100010
111111101100
000000000000
000000010100