0000001100
0000010100
0000011110
0000100110
0000101110
0000110011
0000111000
0000111010
0000111010
0000111010
0000111010
0001000000
0001000010
0001000111
0001001111
0001010100
0001011001
0001011110
0001100011
0001101000
0001101011
0001101110
0001110011
0001110101
0001111010
0010000000
0010000010
0010000101
0010000111
0010000111
0010000111
0010000111
0010001010
0010001100
0010001100
0010001111
0010010001
0010010100
0010011001
0010011110
0010100001
0010101000
0010101011
0010101011
0010101011
0010101000
0010100110
0010100011
0010100001
0010100001
0010100001
0010100001
0010100001
0010011110
0010011100
0010011100
0010011001
0010010111
0010010100
0010010100
0010010100
0010010001
0010010001
0010010001
0010010001
0010001111
0010001100
0010000111
0010000010
0010000000
0001111010
0001110101
0001110011
0001110000
0001101110
0001101011
0001100110
0001100011
0001100001
0001011110
0001011100
0001010111
0001010001
0001001100
0001000010
0001000101
0000111101
0000110101
0000110000
0000101011
0000101011
0000101110
0000110011
0000110011
0000110000
0000100110
0000010001
1111111001
1111011010
1110111001
1110011010
1101111011
1101100100
1101001101
1100111011
1100101100
1100011101
1100010000
1100000110
1100000000
1100000000
1100000000
1100000000
1100000000
1100000000
1100000000
1100000000
1100000000
1100000000
1100000000
1100000000
1100000011
1100000000
1100000000
1100001011
1100011101
1100110110
1101010101
1101111001
1110011111
1111000011
1111100010
1111111011
0000010001
0000100110
0000110101
0001000101
0001001111
0001010111
0001011100
0001011110
0001011110
0001011001
0001010001
0001001100
0001000010
0000111000
0000101110
0000100110
0000011110
0000011001
0000010100
0000001010
0000010001
0000010100
0000011001
0000100001
0000101011
0000111000
0001000101
0001001100
0001010001
0001001111
0001000111
0000111101
0000110011
0000100011
0000010100
0000000101
1111110110
1111100111
1111010101
1111000110
1110111001
1110101100
1110100010
1110011010
1110010010
1110010000
1110001101
1110001000
1110001000
1110001000
1110000110
1110000110
1110000011
1110000011
1110000000
1110000000
1101111110
1101111011
1101111011
1101111001
1101111001
1101110110
1101110110
1101110100
1101110001
1101101111
1101101100
1101100111
1101100100
1101100010
1101011111
1101011101
1101011010
1101011000
1101011000
1101010010
1101010000
1101001101
1101001011
1101001011
1101001011
1101010000
1101011010
1101100111
1101111001
1110001011
1110011101
1110101100
1110111011
1111001000
1111010010
1111011010
1111011101
1111011111
1111011111
1111011111
1111100010
1111100010
1111100100
1111100100
1111100010
1111011101
1111010101
1111001011
1111010010
1111000000
1110110100
1110101001
1110100010
1110011010
1110010010
1110001011
1110000011
1101111001
1101101111
1101100100
1101011000
1101001101
1101000011
1100111011
1100110110
1100110001
1100101100
1100011111
1100101001
1100100111
1100100111
1100101100
1100110100
1101000000
1101010010
1101100111
1101111011
1110010010
1110101100
1111000011
1111011101
1111110110
0000001100
0000100110
0001000000
0001010111
0001101110
0010000101
0010010111
0010101000
0010110101
0011000010
0011001010
0011010001
0011010111
0011011110
0011100110
0011101011
0011110000
0011110101
0011111000
0011111000
0011111010
0011111000