1111101100110100
1111101011100010
1111101001100111
1111100111101100
1111100101001000
1111100100011111
1111100101001000
1111100111000011
1111101000111110
1111101010111001
1111101100001011
1111101100110100
1111101100001011
1111101011100010
1111101011100010
1111101010111001
1111101010111001
1111101001100111
1111100111101100
1111100100011111
1111100001010010
1111011110101111
1111011100110100
1111011011100010
1111011011100010
1111011101011101
1111011110101111
1111100000000000
1111100000101001
1111100000000000
1111011110000110
1111011011100010
1111011010010000
1111011000111110
1111010111101100
1111010110011010
1111010101110001
1111010101001000
1111010100011111
1111010011110110
1111010011001101
1111010010100100
1111010001010010
1111010000000000
1111001110101111
1111001100110100
1111001011100010
1111001001100111
1111001000111110
1111001000111110
1111001000111110
1111001000111110
1111001000111110
1111001000010101
1111000111101100
1111000110011010
1111000101001000
1111000011110110
1111000010100100
1111000001010010
1111001100001011
1111000000101001
1111000000000000
1111000000000000
1111000000000000
1111000000000000
1111000000000000
1111000000000000
1111000000000000
1111000000000000
1111000000000000
1111000000101001
1111000010100100
1111000101110001
1111001000111110
1111001100110100
1111010000101001
1111010101001000
1111011010010000
1111011111011000
1111100101001000
1111101010111001
1111110000000000
1111110100011111
1111111000010101
1111111101011101
0000000100011110
0000001101011100
0000010110011001
0000100000000000
0000101001100110
0000110001111010
0000111010001111
0001000000000000
0001000000000000
0001000000000000
0001000000000000
0001000000000000
0001000000000000
0001000000000000
0001000000000000
0001000000000000
0001000000000000
0001000000000000
0001000000000000
0001000000000000
0001000000000000
0001000000000000
0001000000000000
0001000000000000
0001000000000000
0001000000000000
0001000000000000
0001000000000000
0001000000000000
0001000000000000
0001000000000000
0001000000000000
0001000000000000
0001000000000000
0001000000000000
0001000000000000
0001000000000000
0001000000000000
0001000000000000
0001000000000000
0001000000000000
0001000000000000
0001000000000000
0001000000000000
0001000000000000
0001000000000000
0001000000000000
0001000000000000
0001000000000000
0001000000000000
0001000000000000
0001000000000000
0001000000000000
0001000000000000
0001000000000000
0001000000000000
0000111101011100
0000110101110000
0000101110101110
0000101000111101
0000100101000111
0000100010100011
0000100001010001
0000100001111010
0000100100011110
0000101001100110
0000110000101000
0000111010111000
0001000000000000
0001000000000000
0001000000000000
0001000000000000
0001000000000000
0001000000000000
0001000000000000
0001000000000000
0000110111000010
0000101100110011
0000100011110101
0000011010111000
0000010011110101
0000001110000101
0000001010001111
0000001000111101
0000001000111101
0000001010001111
0000001010001111
0000001001100110
0000000110011001
0000000010100011
1111111110101111
1111111010111001
1111110111101100
1111110101001000
1111110011001101
1111110001111011
1111110000101001
1111110000000000
1111101111011000
1111101110101111
1111101110000110
1111101101011101
1111101110000110
1111101110101111
1111110000000000
1111110001111011
1111110011110110
1111110111000011
1111111010010000
1111111101011101
0000000001111010
0000000110011001
0000001010111000
0000001110101110
0000010011001100
0000010110011001
0000011010001111
0000011110000101
0000100001111010
0000100101000111