1111010010
1111010010
1111010010
1111010101
1111010101
1111010010
1111010000
1111010000
1111010000
1111010010
1111011010
1111100010
1111101100
1111110110
0000000010
0000001100
0000010100
0000011110
0000101000
0000101110
0000110011
0000110101
0000110101
0000110101
0000110101
0000110101
0000110011
0000110000
0000101110
0000101110
0000101110
0000110000
0000110011
0000110011
0000110101
0000111010
0001000000
0001000101
0001001100
0001010001
0001010100
0001010100
0001010001
0001001111
0001000111
0001000010
0000111101
0000111000
0000110101
0000111000
0000111010
0001000000
0001000101
0001000111
0001001010
0001001010
0001000111
0001000101
0001000010
0001000010
0001000010
0001000010
0001000101
0001000101
0001000101
0001000101
0001000010
0001000000
0000111010
0000110101
0000101110
0000101000
0000100001
0000100110
0000100110
0000101000
0000101000
0000100110
0000100011
0000011110
0000011001
0000010100
0000001111
0000001100
0000000111
0000000000
1111111001
1111110001
1111100111
1111011101
1111010010
1111001000
1111000000
1110110110
1110101111
1110100111
1110011101
1110010101
1110001101
1110000000
1101110110
1101101100
1101011111
1101010000
1101000011
1100110001
1100110100
1100101001
1100011111
1100011111
1100100100
1100110001
1101000110
1101011111
1101111110
1110011101
1110111110
1111011101
1111111001
0000010001
0000101000
0001000000
0001010100
0001101011
0010000000
0010010100
0010100110
0010111000
0011000111
0011001111
0011001111
0011000010
0010101110
0010010100
0001110101
0001010111
0000110101
0000011001
0000000010
1111101111
1111011111
1111010101
1111001101
1111001011
1111001000
1111001000
1111001000
1111000110
1110111110
1110110100
1110100111
1110011010
1110010000
1110000011
1101110110
1101101001
1101011101
1101010101
1101010000
1101001101
1101001101
1101001011
1101000110
1100110001
1101000000
1100110110
1100101100
1100100010
1100011010
1100011000
1100011000
1100011101
1100100111
1100110100
1101000011
1101010000
1111100010
1101011010
1101100100
1101101100
1101110100
1101111110
1110000110
1110001101
1110010101
1110011101
1110100010
1110100111
1110101001
1110101100
1110101111
1110110001
1110110100
1110101111
1110101100
1110100010
1110011010
1110010010
1110001101
1110001000
1110001000
1110000110
1110000110
1110000110
1110000011
1110000011
1110000110
1110000110
1110001011
1110010000
1110010101
1110011010
1110011111
1110100100
1110101001
1110101100
1110110001
1110110100
1110110110
1110111001
1110111011
1111000000
1111000110
1111001011
1111010000
1111010101
1111011101
1111011111
1111100010
1111100010
1111011111
1111011101
1111011111
1111100010
1111101001
1111110001
1111111001
0000000000
0000000111
0000010001
0000011001
0000011100
0000011100
1111100010
0000011100
0000010100
0000001111
0000000101
1111111011
1111110001
1111101100
1111101100
1111101111
1111111001
0000000111
0000011100
0000110011
0001001010
0001100001
0001111000
0010001010
0010011001
0010100001
0010101011
0010110000
0010111000
0010111101
0011000000
0010111101
0010110101
0010101000
0010011001
0010000101
0001110000
0001011001
0001000010
0000101011
0000011001
0000001100
0000000000
1111110110
1111101100
1111100100
1111011010
1111010000
1111000110
1110111011
1110110110
1110110100
1110110100
1110110100
1110110110