1110010101
1110010010
1110010000
1110010000
1110010000
1110001101
1110001101
1110001101
1110001011
1110001011
1110001000
1110001000
1110001000
1110000110
1110000110
1110000011
1110000011
1110000011
1110000000
1110000000
1110000000
1110000000
1110000000
1110000000
1101111110
1101111110
1101111110
1110000000
1110000000
1110000011
1110000110
1110001000
1110001101
1110001101
1110010000
1110010000
1110010010
1110010010
1110010101
1110010101
1110010101
1110011000
1110011010
1110011010
1110011010
1110011010
1110011101
1110011101
1110011101
1110011111
1110011111
1110011111
1110011111
1110011101
1110011010
1110011000
1110010101
1110010010
1110010000
1110001101
1110001101
1110001011
1110001000
1110000110
1110000110
1110000011
1110000000
1101111011
1101111011
1101111001
1101111001
1101110110
1101110110
1101110100
1101110100
1101101111
1101101111
1101101100
1101101100
1101101001
1101101001
1101101001
1101100111
1101100111
1101100100
1101100100
1101100010
1101011111
1101011111
1101011101
1101011101
1101011010
1101011000
1100111110
1101010101
1101010101
1101011000
1101011010
1101100010
1101101100
1101110110
1110000011
1110001101
1110010101
1110011010
1110011101
1110011101
1110011010
1110010101
1110010000
1110001000
1110000110
1110000011
1110000000
1110000000
1110000011
1110000011
1110000110
1110001000
1110001101
1110010000
1110010101
1110011000
1110011010
1110011101
1110011101
1110011101
1110011101
1110011101
1110011101
1110011111
1110011111
1110011111
1110011111
1110011111
1110011111
1110011101
1110011101
1110011010
1110011010
1110011010
1110011010
1110011010
1110011101
1110011101
1110011111
1110011111
1110100010
1110100010
1110100111
1110100111
1110100010
1110101001
1110101001
1110100111
1110100010
1110011101
1110010101
1110010000
1110001000
1110000110
1110000110
1110000110
1110001000
1110001011
1110001101
1110010000
1110010010
1110010010
1110010010
1110010010
1110010000
1110010010
1110010010
1110011000
1110011010
1110011111
1110100010
1110100100
1110100111
1110101001
1110101100
1110110001
1110110110
1110111011
1111000000
1111000110
1111001101
1111010000
1111010010
1111011000
1111011010
1111011111
1111100010
1111100111
1111101100
1111101100
1111101111
1111101100
1111101001
1111100111
1111011111
1111011010
1111010101
1111010010
1111010000
1111010000
1111010010
1111010010
1111010101
1111010101
1111011010
1111011010
1111011101
1111011111
1111100010
1111100010
1111100100
1111100010
1111100010
1111011111
1111011101
1111011101
1111011010
1111010101
1111100100
1111010010
1111001101
1111001000
1111000110
1111000011
1111000011
1111000000
1111000000
1111000011
1111000011
1111000110
1111001000
1111010000
1111011000
1111100010
1111101111
1111111011
0000000101
0000010001
0000011001
0000011110
0000100001
0000100001
0000100001
0000100001
0000011110
0000011110
0000011110
0000100001
0000100110
0000101011
0000110000
0000110011
0000110011
0000110011
0000110000
0000101110
0000101011
0000100110
0000100011
0000011110
0000011001
0000010001
0000000111
0000000000
1111110110
1111101100
1111100010
1111010101
1111001011
1110111110
1110011101
1110110001
1110100100
1110011000
1110001101
1110000011
1101111110
1101111011
1101111011
1101111110
1110000000
1110000011
1110001000
1110001011
1110001101
1110010000