111000111110
111000111110
111000111110
111000110100
111000011111
111000010101
111000001011
110111101100
110111011000
110110111001
110110100100
110110010000
110101110001
110101100111
110101010010
110101001000
110100111110
110100110100
110100101001
110100010101
110100010101
110100001011
110100001011
110100001011
110011110110
110100001011
110100011111
110100110100
110101001000
110101100111
110110000110
110110100100
110110111001
110111001101
110111011000
110111100010
110111100010
110111100010
110111100010
110111011000
110111011000
110111001101
110111001101
110110111001
110110111001
110110111001
110110111001
110110111001
110110111001
110110111001
110110111001
110110101111
110110101111
110110100100
110110011010
110110010000
110110000110
110101111011
110101110001
110101100111
110101011101
110101001000
110101001000
110100111110
110100111110
110100110100
110100110100
110100110100
110100101001
110100011111
110100010101
110100001011
110100000000
110011110110
110011101100
110011100010
110011011000
110011001101
110011001101
110011000011
110011000011
110011000011
110011000011
110011000011
110011000011
110011000011
110011000011
110011000011
110011000011
110011000011
110011000011
110010111001
110010111001
110010101111
110010101111
110010100100
110010100100
110010000110
110010100100
110010101111
110011000011
110011110110
110100101001
110101100111
110110100100
110111101100
111000111110
111110010000
111010000110
111011011000
111100010101
111101001000
111101110001
111110000110
111110010000
111110010000
111110000110
111101111011
111101110001
111101100111
111101010010
111100111110
111100011111
111100000000
111011011000
111010101111
111010000110
111001100111
111001001000
111000110100
111000011111
111000001011
110111101100
110111011000
110110111001
110110011010
110101111011
110101011101
110100111110
110100101001
110010010000
110100001011
110100000000
110011110110
110011110110
110011110110
110100000000
110100010101
110100110100
110101001000
110101100111
110101110001
110101111011
110110000110
110101111011
110101111011
110101100111
110101010010
110100110100
110100010101
110100000000
110011100010
110011001101
110010111001
110010101111
110010101111
110010101111
110011000011
110011001101
110011100010
110011110110
110100010101
110100110100
110101011101
110110000110
110110101111
110111011000
110111110110
111000010101
111000011111
111000110100
111000111110
110111001101
111000111110
111001001000
111001010010
111001110001
111001111011