0011011100
0011010001
0011001100
0011000111
0010111101
0010110011
0010101110
0010100011
0010011001
0010010100
0010010100
0010001111
0010001111
0010010100
0010011001
0010100011
0010101110
0010111101
0011001100
0011011100
0011100110
0011110101
0011111010
0100001010
0100001111
0100011001
0100100011
0100101110
0100110011
0100111000
0100111101
0100111101
0100111101
0100111101
0100111101
0100111101
0101000010
0101000111
0101010001
0101011100
0101100110
0101110101
0110000000
0110001111
0110011001
0110101000
0110110011
0110111101
0111000010
0111000010
0111000010
0110111101
0110111101
0110111101
0110111101
0111000010
0111000010
0111000010
0111000010
0111000010
0111000010
0111000010
0111000111
0111000111
0111000010
0110111101
0110110011
0110101110
0110101000
0110101110
0110101110
0110101110
0110101110
0110101110
0110101000
0110101000
0110101000
0110101000
0110101000
0110101110
0110101110
0110101000
0110101000
0110100011
0110011001
0110010100
0110001111
0110001010
0110000101
0110000000
0110000000
0101111010
0101110101
0101100110
0101100001
0101010111
0101010111
0101010111
0101010111
0101010111
0101010001
0101001100
0101000111
0101000010
0100111101
0100111000
0100110011
0100101000
0100100011
0100010100
0100000000
0011110000
0011100001
0011010111
0011001100
0011000111
0011000111
0011000111
0011000111
0011000111
0011000010
0011000010
0010111101
0010111101
0010111000
0010110011
0010101110
0010101000
0010100011
0010011110
0010010100
0010001111
0010001010
0010001010
0010000101
0010000000
0001111010
0001110000
0001100110
0001011100
0001010001
0001001100
0001000111
0001000010
0000100011
0000111101
0000110011
0000101110
0000100011
0000011110
0000011001
0000010100
0000010100
0000011110
0000101110
0001000111
0001100110
0010000101
0010100011
0010111000
0011000111
0011001100
0011000111
0011000010
0010111000
0010101110
0010011110
0010001111
0010000000
0001110101
0001110000
0001100110
0001100001
0001010111
0001000010
0000110011
0000011110
0000001010
1111111011
1111110001
1111101100
1111100111
1111100111
1111110110
1111101100
1111110001
1111110001
1111111011
0000000000
0000001010
0000010100
0000100011
0000101110
0000110011
0000111000
0000111101
0000111101
0000111101
0000111101
0000111101
0001000010
0001000010
0001000010
0001000010
0001000111
0001000111
0001001100
0001010111
0001011100
0001100110
0001110101
0010000000
0010001010
0010001010
0010001010
0010000000
0001111010
0001110000
0001101011
0001100001
0001011100
0001010111
0001010001
0001000111
0001000010
0000111101
0000110011
0000101110
0000101000
0000011110
0000011001
0000001111
0000001010
0000000000
1111111011
1111110110
1111110001
1111100111
1111100010
1111011101
1111011000
1111010010
1111001101
1111001000
1111000011
1110111110
1110110100
1111001000
1110101111
1110101001
1110100100
1110100100
1110100100
1110101001
1110110100
1111001101
1111100111
0000001010
0000101110
0001010001
0001110000
0010001010
0010100011
0010110011
0011000010
0011001100
0011010111
0011100001
0011101011
0011110101
0100000000
0100001010
0100001111
0100001111
0100001111
0100001111
0100001111
0100001010
0100001010
0100001010
0100001010
0100001010
0100001010
0100001010
0100001010
0100001010
0100001010
0100000101
0100000000
0100000000
0011111010