110111110110
110111101100
110111011000
110111001101
110111000011
110110111001
110110101111
110110101111
110110100100
110110100100
110110011010
110110010000
110110000110
110101111011
110101110001
110101110001
110101100111
110101100111
110101011101
110101011101
110101011101
110101011101
110101011101
110101011101
110101011101
110101011101
110101100111
110101100111
110101100111
110101110001
110101110001
110101110001
110101111011
110110000110
110110010000
110110011010
110110100100
110110100100
110110101111
110110111001
110110111001
110111000011
110111001101
110111001101
110111011000
110111011000
110111100010
110111101100
110111110110
111000000000
111000001011
111000010101
111000011111
111000011111
111000011111
111000011111
111000011111
111000011111
111000011111
111000011111
111000011111
111000011111
111000010101
111000001011
111000000000
111000000000
110111110110
110111110110
111000000000
111000000000
111000001011
111000010101
111000010101
111000011111
111000011111
111000101001
111000101001
111000011111
111000011111
111000010101
111000001011
111000000000
110111110110
110111101100
110111011000
110111001101
110111000011
110110111001
110110101111
110110100100
110110100100
110110100100
110110100100
110110101111
110110101111
110110101111
110110111001
110110111001
110111000011
110111001101
110111011000
110111011000
110111100010
110111100010
110111100010
110111011000
110111001101
110111000011
110110111001
110110101111
110110101111
110110100100
110110100100
110110100100
110110101111
110110101111
110110111001
110111001101
110111011000
110111100010
111000000000
111000000000
111000010101
111000111110
111001100111
111010011010
111011001101
111100000000
111100110100
111101100111
111110010000
111110111001
111111011000
111111101100
000000000000
000000000000
000000000000
111111110110
111111101100
111111100010
111111011000
111111001101
111110111001
111110100100
111110000110
111101110001
111101010010
111100111110
111100101001
111100010101
111100000000
111011101100
111011001101
111010100100
111001111011
111001001000
111000010101
111000010101
110111101100
110111000011
110110100100
110110011010
110110100100
110111000011
110111110110
111000110100
111001100111
111010010000
111010100100
111010100100
111010000110
111001110001
111001010010
111000111110
111000011111
111000001011
111000000000
110111101100
110111100010
110111011000
110111000011
110110101111
110110011010
110101111011
110101010010
110100101001
110100000000
110011011000
110010111001
110010100100
110010011010
110010010000
110010010000
110010011010
110010011010
110010011010
110010011010
110010011010
110001100111
110010100100
110010101111
110011001101
110011100010
110100001011
110100101001
110100111110
110101001000
110101001000
110100111110
110100101001
110100011111
110100010101
110100001011
110100001011
110100001011
110100001011
110100001011
110100010101
110100010101
110100011111
110100101001
110100101001
110100101001
110100101001
110100101001
110100101001
110100011111
110100011111
110100010101
110100010101
110100010101
110100010101
110100010101
110100001011
110100000000
110011110110
110011100010
110011011000
110011001101
110011000011
110010111001
110010101111
110010101111
110010101111
110010101111
110010101111
110010101111
110011000011
110011000011
110011001101
110011011000
110011011000
110011100010
110011100010
110011100010
110011100010
110011101100
110011110110
110100001011
110100110100
110101011101
110110010000
110110111001
110111011000
110111101100
111000000000
111000000000
110111110110
110111110110
110111101100
110111100010
110111011000
110111011000
110111101100
111000001011
111000111110
111001110001
111010100100
111011011000
111100010101
111101010010
111110000110
111111000011
111111110110
000000011110
000000111101
000001010001
000001100110
000001100110
000001100110
000001010001
000001000111