0011000111
0010111101
0010110011
0010101110
0010101110
0010101000
0010100011
0010011001
0010001010
0010000000
0001110101
0001110000
0001100110
0001100001
0001100001
0001011100
0001010001
0001000111
0000111101
0000110011
0000101000
0000100011
0000011001
0000010100
0000001010
0000010100
0000010100
0000010100
0000010100
0000011001
0000011001
0000011001
0000011001
0000011001
0000010100
0000010100
0000001111
0000001010
0000000000
0000000000
1111111011
1111111011
0000000000
0000000000
0000000101
0000000000
1111111011
1111110110
1111110001
1111100111
1111100111
1111100111
1111101100
1111110001
1111110110
0000000000
0000000101
0000001010
0000000101
0000000101
0000000000
0000000000
1111111011
1111111011
1111111011
0000000000
0000000000
0000000101
0000001010
0000001111
0000001111
0000010100
0000011001
0000100011
0000101000
0000101000
0000101000
0000101000
0000101000
0000100011
0000011110
0000011001
0000010100
0000001111
0000001111
0000001111
0000001111
0000001111
0000001111
0000001111
0000001111
0000001010
0000001010
0000001010
0000001010
0000001111
0000001010
0000001010
0000001010
0000001111
0000001111
0000001111
0000001111
0000011110
0000001111
0000001111
0000001010
0000000101
0000000000
0000000000
0000000000
0000001010
0000010100
0000101000
0001000010
0001011100
0001110101
0010001111
0010101000
0011000111
0011100001
0011111010
0100010100
0100101000
0100110011
0100111101
0100111101
0100111000
0100110011
0100110011
0100110011
0100111101
0101000010
0100111101
0100110011
0100011001
0011110101
0011000111
0010011001
0001110000
0001000111
0000101110
0000100011
0000100011
0000101000
0001100001
0000111101
0001000111
0001010111
0001100001
0001100110
0001100110
0001101011
0001100110
0001100110
0001011100
0001010001
0001000111
0000111101
0000110011
0000101110
0000110011
0001000010
0001001100
0001010111
0001010111
0001001100
0000111101
0000101110
0000011001
0000000101
1111110110
1111100111
1111011000
1111001101
1110111110
1110101111
1110100100
1110011010
1110010101
1110010000
1110001011
1110000110
1101111011
1101110001
1101101100
1101100010
1101011000
1101010010
1101010010
1101001101
1101001101
1101001000
1101000011
1100111001
1100101111
1100100100
1100100100
1100101001
1100111001
1011110110
1101001101
1101110001
1110010101
1111000011
1111110001
0000011001
0001000010
0001100001
0001111010
0010010100
0010100011
0010101110
0010111000
0010111000
0010110011
0010101110
0010100011
0010011001
0010001111
0010001111
0010001010
0010000000
0001111010
0001110101
0001100110
0001100001
0001011100
0001010001
0001001100
0001000111
0001000010
0000111000
0000110011
0000101110
0000101000
0000101000
0000100011
0000100011
0000100011
0000011001
0000011001
0000010100
0000001111
0000001010
0000000101
0000000000
1111111011
1111110110
1111110001
1111100010
1111100111
1111100010
1111100111
1111110110
0000001010
0000100011
0001000010
0001011100
0001110000
0010000000
0010001010
0010010100
0010011001
0010011001
0010011001
0010010100
0010001010
0001111010
0001101011
0001011100
0001010001
0001000111
0001000010
0000110011
0000101110
0000100011
0000010100
0000001010
0000000000
1111110110
1111110001
1111100111
1111011101
1111011101
1111011000
1111011000
1111010010
1111010010
1111001101
1111001000
1111001000
1111000011