1110000000
1110001011
1110010101
1110011010
1110100100
1110101111
1110110100
1110111110
1111000011
1111001000
1111001101
1111010010
1111011101
1111100010
1111101100
1111110110
0000000000
0000001010
0000010100
0000011001
0000011110
0000100011
0000100011
0000101000
0000101110
0000101110
0000101110
0000101000
0000100011
0000100011
0000011001
0000010100
0000001111
0010101000
0000001111
0000001010
0000001010
0000000101
0000000000
1111111011
1111110110
1111110110
1111110001
1111110001
1111110001
1111110001
1111101100
1111101100
1111101100
1111101100
1111100111
1111100111
1111100111
1111100111
1111100111
1111101100
1111110001
1111110001
1111110110
1111110110
1111111011
1111111011
0000000000
0000000000
0000000000
0000000000
0000000000
0000000000
1111111011
1111110001
1111100111
1111011101
1111011000
1111011101
1111100010
1111100111
1111110001
1111110001
1111110110
1111110110
1111110110
1111110110
1111110110
1111111011
0000000000
0000000101
0000001111
0000011001
0000101000
0000110011
0001000010
0001000111
0001001100
0001010001
0001010111
0001010001
0001000111
0000111000
0000011110
0000000000
1111100010
1110111110
1110011111
1110000110
1101110001
1101100010
1101100010
1101100010
1101101100
1101110001
1101110110
1101110001
1101110001
1101110001
1101110110
1110000000
1110010101
1110101111
1111001000
1111100010
1111110110
0000000000
0000001111
0000001111
0000010100
0000001111
0000001010
0000001010
0000000101
0000000000
0000000000
0000000000
0000000000
0000000000
0000000000
0000000000
0000000000
0000000000
0000000000
0000000000
0000000000
0000000000
0000001010
0000010100
0000110011
0001100110
0010100011
0011110000
0100110011
0101110101
0110101110
0111010111
0111110101
0111111111
0111111111
0111111111
0111111111
0111111111
0111111111
0111111111
0111111111
0111111111
0111111010
0111110000
0111100001
0111010111
0111000111
0110111000
0110101110
0110100011
0110011001
0110001111
0110000101
0101110101
0101100110
0101010111
0101000010
0100110011
1101011000
1101001101
1101000011
1100111001
1100101111
1100101111
1100110100
1100111110
1101001101
1101011000
1101100010
1101101100
1101110001
1101110110
1101111011
1110000110
1110010000
1110011010
1110100100
1110101111
1110111001
1111000011
1111001101
1111011101
1111100010
1111101100
1111110001
1111110110
1111110110
1111111011
1111111011
0000000000
0000000101
0000001010
0000001111
0000010100
0000011001
0000011110
0000100011
0000100011
0000100011
0000100011
0000100011
0000100011