0000010100
1111110110
1111100010
1111011101
1111100010
1111110001
0000000000
0000001111
0000011110
0000101000
0000110011
0000110011
0000110011
0000101110
0000100011
0000011001
0000001111
0000001010
0000000000
1111111011
0000011110
1111110001
1111100111
1111011101
1111001101
1111001000
1111000011
1110111110
1110111110
1110111001
1110111001
1110110100
1110110100
1110110100
1110110100
1110110100
1110111001
1110111110
1110111110
1110110100
1110011111
1101111011
1101010010
1100100100
1011111011
1011100010
1011001101
1011000011
1010111110
1010111110
1011000011
1011001000
1011001101
1011010010
1011010010
1011010010
1011001000
1011000011
1010111110
1010111110
1010111110
1010111110
1010111110
1010111110
1010111110
1010111110
1010111110
1010111110
1010111110
1010111110
1010111110
1010111110
1011100111
1010111110
1010111110
1010111110
1011110001
1010111110
1010111110
1011000011
1100011111
1011011000
1011100111
1011110110
1100000000
1100000110
1100001011
1100001011
1100001011
1100001011
1100001011
1100010101
1100100100
1100111001
1101001101
1101100010
1101110110
1110000110
1110001011
1110000110
1110000000
1101110110
1101100111
1101010010
1101000011
1100101111
1100011111
1100010000
1100000110
1011111011
1011110110
1011101100
1011101100
1011100010
1011011101
1011011000
1011010010
1011001000
1011000011
1010111110
1010111110
1010111110
1010111110
1010111110
1010111110
1010111110
1010111110
1010111110
1010111110
1010111110
1010111110
1010111110
1010111110
1010111110
1010111110
1010111110
1011101100
1011000011
1011001101
1011011101
1011101100
1011111011
1100010101
1100101001
1101000011
1101100010
1110000110
1110101111
1111011000
1111111011
0000100011
0001000010
0001100001
0010000000
0010010100
0010100011
0010101110
0010110011
0010111000
0010111000
0010111000
0010111000
0010111000
0010110011
0010110011
0010101110
0010101110
0010101000
0010100011
0010011001
0010010100
0010001010
0001111010
0001101011
0001011100
0001010001
0001000111
0001000010
0000111000
0000101110
0000100011
0000011001
0000001010
1111111011
1111110001
1111100010
1111010010
1111000011
1110110100
1110101001
1110011010
1101011000
1110010000
1110000110
1101110110
1101101100
1101100010
1101011101
1101011101
1101100111
1101110110
1110010101
1110110100
1111011101
0000001010
0000101000
0001000111
0001010111
0001011100
0001011100
0001001100
0000111000
0000100011
0000001010
1111110001
1111011000
1110111110
1110100100
1110001011
1101110001
1101010010
1100111110
1100010101
1100101001
1100011111
1100011111
1100101001
1100111001
1101011000
1101110001
1110010000
1110101001
1110111001
1111001000
1111001101
1111010010
1111010010
1111011000
1111011101
1111011101
1111100010
1111100111
1111110001
1111111011
0000001010
0000011001
0000100011
0000101110
0000110011
0000110011
0000101110
0000100011
0000010100
0000001010
1111111011
1111101100
0000001010
1111011101
1111000011
1110101111
1110010000
1101110110
1101011000
1100111001
1100011111
1100001011
1011110110
1011110001
1011110001
1011111011
1100010000
1100100100
1100111001
1100111110
1100111110
1100110100
1100101001
1100011111
1100011010
1100010101
1100010101
1100010101
1100010101
1100010101
1100011010
1101001000
1100011010
1100011111
1100100100
1100100100
1100101001
1100101111
1100101111
1100101111
1100101111
1100101111
1100101111
1100101111