11110110
11110101
11110100
11110100
11110010
11110010
11110010
11110100
11110111
11111001
11111100
11111111
11111111
00000000
00000000
00000000
11111111
11111111
11111101
11111100
11111011
11111010
11111001
11111000
11111000
11110110
11110101
11110100
11110010
11110001
11110000
11110000
11101111
11101111
11110000
11110001
11110010
11110010
11110100
11110100
11110100
11110010
11110010
11110000
11101111
11101110
11101101
11101011
11101001
11101000
11100111
11100110
11100101
11100100
11100100
11100101
11100101
11100101
11100101
11100100
11100100
11100010
11100010
11100001
11100000
11011111
11011111
11011111
11011110
11011110
11011101
11011101
11011100
11011011
11011011
11011010
11011001
11011000
11011000
11010111
11010110
11010110
11010101
11010100
11010100
11010011
11010011
11010100
11010101
11010111
11011000
11011001
11011001
11011001
11011010
11011011
11011101
11100000
11100010
11100110
11101000
11101010
11101011
11101100
11101101
11101101
11101101
11101110
11101110
11101110
11101110
11101101
11101101
11101101
11101100
11101100
11101011
11101011
11101011
11101011
11101011
11101011
11101101
11101101
11101111
11110010
11110101
11111001
11111110
00000010
00000111
00001010
00001101
00001110
00001110
00001101
00001100
00001100
00001100
00001101
00001110
00001110
00010000
00010000
00010000
00001111
00001110
00001101
00001011
00001010
00001000
00000111
00000111
00000110
00000101
00000011
00000010
00000000
00000000
11111111
11111110
11111101
11111100
11111011
11111010
11111001
11111000
11110110
11110101
11110100
11110011
11110011
11110100
11110100
11110101
11110110
11110111
11111000
11111000
11111001
11111010
11111011
11111011
11111011
11111010
11111001
11111000
11110111
11110110
11110100
11110011
11110010
11110010
11110001
11110001
11110000
11110000
11101111
11101111
11101111
11101101
11101101
11101100
11101011
11101111
11101011
11101010
11101011
11101011
11101101
11101111
11110010
11110101
11111000
11111011
11111111
00000001
00000011
00000101
00000111
00000111
00000111
00000110
00000101
00000011
00000001
00000000
11111111
11111101
11111011
11111010
11111001
11111001
11111001
11111001
11111000
11111001
11111000
11110111
11110110
11110110
11110110
11110110
11111000
11111010
11111101
00000000
00000110
00001100
00010001
00010111
00011100
00100000
00100011
00100100
00100101
00100101
00100101
00100101
00100101
00100100
00100011
00100001
00100000
00011110
00011100
00011010
00011001
00011000
00010111
00010111
00010110
00010101
00010001
00010100
00010011
00010011
00010011
00010101
00010111
00011010
00011110
00100000
00100011
00100011
00100100
00100100
00100100
00100011
00100011
00100001
00100001
00100000