00010110
11110000
11001100
11000010
11001001
11001011
11001010
00101101
00110010
00110001
00110001
00110001
00110000
00110000
00110000
00110010
00110101
00110000
00110000
00110000
00110000
00100011
00100110
00110001
00110001
00110001
00110000
00110000
00110000
00110000
00110000
00110000
00110001
00110010
00110010
00110010
00110010
00110010
00110010
00110010
00110010
00110010
00110010
00110010
00110010
00110010
00110010
00110010
00110010
00110010
00110001
00110001
00110001
00110001
00110000
00110000
00110000
00110000
00110000
00110000
00110000
00110000
00110000
00110010
00110010
00110010
00110010
00110010
00110010
00110010
00110010
00110010
00110010
00110010
00110010
00110010
00110010
00110011
00110010
00110010
00110010
00110010
00110010
00110010
00110010
00110100
00110100
00110100
00110100
00110011
00110011
00110011
00110100
00110100
00110100
00110011
00110100
00110100
00110101
00110101
00110100
00110101
00110110
00110111
00110111
00110111
00110111
00110111
00110111
00111001
00111011
00111101
00111110
00111110
00111101
00111010
00111000
00110101
00110011
00110010
00110010
00110010
00110010
00110010
00110010
00110010
00110010
00110011
00110100
00110101
00111001
00111110
01000011
01001100
01010011
01010100
01001101
01000011
00111111
00111110
00111111
01000000
01000010
01000101
01000110
01000111
01000111
01000101
01000101
01000000
00111110
00111001
00110111
00110100
00110010
00101111
00101010
00100011
00111001
00110110
00101011
00011101
00110001
00110000
00100111
00011001
00110010
00110000
00110000
00110001
00110000
00110000
00110000
00110000
00110000
00110010
00110010
00110011
00110011
00110011
00110011
00110011
00110100
00110011
00110100
00110100
00110100
00110100
00110101
00110101
00110101
00110100
00110100
00110011
00110011
00110011
00110010
00110010
00110010
00110010
00110010
00110010
00110010
00110010
00110001
00110001
00110001
00110001
00110001
00110001
00110001
00110001
00110010
00110011
00110011
00110100
00110110
00111000
00111011
01000000
01000110
01001011
01010000
01001001
00111111
00110110
00101110
01010101
01000011
00110010
00001111
00110000
00101000
00010111
00110010
00110010
00110000
00110010
00110010
00110000
00110000
00110000
00110000
00110010
00110011
00110100
00110101
00110110
00111001
00111101
00110011
00110110
01000001
00110110
01000010
01010000
00111100
01000100
01001101
01000001
00110110
00111011
00110010
01000001
01001001
01001101
01001101
01001100
01001100
01001010
01001001
01000111
01000100
01000011
00111100
00111011
00111000
00110110
00110110
00110110
00111001
00111100
01000001
01000101
01001011
01001111
01010000
01010000
01010001
01010010
01010010
01010000
01010000
